129011 113476                   
129020 113476                   
113042 113034                   
116319 113476                   
116394 129011             
116394 129020
117889 116319                   
113417 113042                   
115045 113034                   
117366 113450            
117366 116319
117897 117889                   
117901 116319                   
116572 116319                   
116343 116319                   
117935 116394             
117935 117897
116441 116343            
116441 117889
116378 111793     
116378 516319
116378 115045
116653 116319                   
116432 116319 
116432 116394
117960 117935
116882 113107
116416 116319
116416 116378
117943 116319
117943 115045
117536 113034
117536 117889
117536 116319
117951 116343
117951 116432
117951 116882
117927 116572         