113034  6   1   
113468  4   2
113476  6   3
116726  2   4
113450  4   5
129011  4   6
129020  2   7
113042  6   8
113093  4   9
116319  4   10
116394  4   11
117889  4   12
113107  4   13
113417  4   14
115045  4   15
117366  4   16
117897  4   17
117901  4   18
116572  4   19
116343  4   20
117935  4   21
116441  4   22
116378  4   23
116653  4   24
116432  4   25
117960  4   26
116882  6   27
116416  4   28
117943  4   29
117536  4   30
117951  4   31
117927  4   32
117919  2   33
116297  4   34